2 0.0073571359999959896 384
5 0.00010264299999107607 2400
10 5.244599992693111e-05 9600
12 4.509899997628963e-05 13824
15 3.824899999926856e-05 21600
20 6.679400007669756e-05 38400
30 4.991399998743873e-05 86400
40 0.0002139329999408801 153600
45 0.00022263300002123287 194400
50 0.00025103899997702683 240000
55 0.00025696799991692387 290400
60 0.0002637900000763693 345600
75 0.0003518810000286976 540000
100 0.00048790399989684374 960000
125 0.0006767099999933635 1500000
160 0.0007761200000686586 2457600
200 0.0005357329999924332 3840000
250 0.0008346500000016022 6000000
350 0.0024047699999982797 11760000
500 0.003993202000060592 24000000
600 0.017919733999974596 34560000
800 0.011483583999961411 61440000
1000 0.027953874000104406 96000000
2000 0.13036257099997783 384000000
5000 1.6392939920000345 2400000000
