2 0.0074464399999669695 384
5 8.001900005183415e-05 2400
10 3.090800009886152e-05 9600
12 2.636299996083835e-05 13824
15 2.529299990783329e-05 21600
20 6.0265999991315766e-05 38400
30 4.7604999963368755e-05 86400
40 0.00012449199994080118 153600
45 0.00011216300003979995 194400
50 9.687200008556829e-05 240000
55 0.00011032600014004856 290400
60 0.00012624299984054232 345600
75 0.00016988999982459063 540000
100 0.0002434250000078464 960000
125 0.00039863200004219834 1500000
160 0.0006932190001407434 2457600
200 0.0005397370000537194 3840000
250 0.0008166809998328972 6000000
350 0.001998637000042436 11760000
500 0.0056049990000701655 24000000
600 0.009475205999933678 34560000
800 0.011062755000011748 61440000
1000 0.02952884699993774 96000000
2000 0.14207318099988697 384000000
5000 1.6896796070000164 2400000000
