2 0.006186680000041633 384
5 7.548600001427985e-05 2400
10 3.09589999005766e-05 9600
12 2.5454000024183188e-05 13824
15 2.4748999976509367e-05 21600
20 6.040999994638696e-05 38400
30 4.796399991846556e-05 86400
40 0.00010916899998392182 153600
45 9.827799999584386e-05 194400
50 9.930199996688316e-05 240000
55 0.00010785199992824346 290400
60 0.0001125019999790311 345600
75 0.00035510200007138337 540000
100 0.00029936099997485144 960000
125 0.0004785780000702289 1500000
160 0.0006310150000672365 2457600
200 0.0013597739999795522 3840000
250 0.0011922509999067188 6000000
350 0.0023665339999752177 11760000
500 0.0070649560000219935 24000000
600 0.009926261000032355 34560000
800 0.01826492199995755 61440000
1000 0.022769273000108115 96000000
2000 0.14444213700005548 384000000
5000 1.652516946999981 2400000000
