2 0.0072897369999509465 384
5 7.116699998732656e-05 2400
10 3.111499995611666e-05 9600
12 2.645200004280923e-05 13824
15 2.5609999966036412e-05 21600
20 6.0874999917359673e-05 38400
30 4.869499991855264e-05 86400
40 0.00011662200006412604 153600
45 9.989600005155808e-05 194400
50 9.713500003272202e-05 240000
55 0.00010800799998378352 290400
60 0.00011283700007425068 345600
75 0.00017342200010261877 540000
100 0.00024203600003147585 960000
125 0.00038906200006749714 1500000
160 0.0006635800000367453 2457600
200 0.000569433000009667 3840000
250 0.0008959670000194819 6000000
350 0.001973192000036761 11760000
500 0.005292333999932453 24000000
600 0.009510646999956407 34560000
800 0.014613658999905965 61440000
1000 0.026651354000023275 96000000
2000 0.13382763200002046 384000000
5000 1.6308424420001302 2400000000
