2 0.006963049999967552 384
5 7.790700010446017e-05 2400
10 3.147100005662651e-05 9600
12 2.6565999860395095e-05 13824
15 2.5605000018913415e-05 21600
20 6.062500006009941e-05 38400
30 4.838699987885775e-05 86400
40 0.000109642000097665 153600
45 9.584500003256835e-05 194400
50 9.894999993775855e-05 240000
55 0.00010851999991245975 290400
60 0.00011394900002414943 345600
75 0.00017099599995162862 540000
100 0.0002431450000131008 960000
125 0.00039963499989426055 1500000
160 0.0006450139999287785 2457600
200 0.0005729330000576738 3840000
250 0.0009161590000985598 6000000
350 0.0025399749999905907 11760000
500 0.00520892500003356 24000000
600 0.011116072000049826 34560000
800 0.013954494000017803 61440000
1000 0.02602132300012272 96000000
2000 0.14206545299998652 384000000
5000 1.628883137999992 2400000000
