2 0.007254955999997037 384
5 7.616599987159134e-05 2400
10 2.989500012517965e-05 9600
12 2.6083999955517356e-05 13824
15 2.514599987080146e-05 21600
20 6.114899997555767e-05 38400
30 4.8083999899972696e-05 86400
40 0.00013912500003243622 153600
45 0.00013137599989931914 194400
50 0.00010691800002859964 240000
55 0.00010943799998130999 290400
60 0.0001462190000438568 345600
75 0.00017159699996227573 540000
100 0.0002425909999601572 960000
125 0.0003451600000516919 1500000
160 0.0005124150000028749 2457600
200 0.0005859379998582881 3840000
250 0.0007722539999122091 6000000
350 0.0017592309998235578 11760000
500 0.0036514779999379243 24000000
600 0.00811315500004639 34560000
800 0.011048261000041748 61440000
1000 0.029034996000063984 96000000
2000 0.13482678700006545 384000000
5000 1.6553734579999855 2400000000
