2 0.006824462999929892 384
5 7.75099999827944e-05 2400
10 3.1428000056621386e-05 9600
12 2.6547000061327708e-05 13824
15 2.4831000018821214e-05 21600
20 5.9656999837898184e-05 38400
30 4.763100014315569e-05 86400
40 0.00036466000005930255 153600
45 0.0003535650000685564 194400
50 0.00023292700007004896 240000
55 0.00035398299996813876 290400
60 0.00029363799990278494 345600
75 0.000563066999802686 540000
100 0.0006529910001518147 960000
125 0.0009938949999650504 1500000
160 0.001074281000001065 2457600
200 0.0006163360001210094 3840000
250 0.00079443499998888 6000000
350 0.0026471769999716344 11760000
500 0.003870368999969287 24000000
600 0.011270475999936025 34560000
800 0.013994895999985602 61440000
1000 0.029645699999946373 96000000
2000 0.15363579800009575 384000000
5000 1.637336452999989 2400000000
