2 0.00011519400004544877 384
5 5.642000007810566e-05 2400
10 3.7960999975439336e-05 9600
12 3.479899999092595e-05 13824
15 3.47159999591895e-05 21600
20 7.949400003326446e-05 38400
30 0.00013373999991017627 86400
40 0.00037053599999126163 153600
45 0.00026040000000193686 194400
50 0.00024716500001886743 240000
55 0.00022057700005007064 290400
60 0.0002637480000657888 345600
75 0.00028539599998111953 540000
100 0.0007220979999829069 960000
125 0.0007664799999247407 1500000
160 0.0006678679999367887 2457600
200 0.000763154999958715 3840000
250 0.0009524829999918438 6000000
350 0.0018810459999940576 11760000
500 0.004086837000045307 24000000
600 0.006779117999940354 34560000
800 0.018320301000017025 61440000
1000 0.02995139500001187 96000000
2000 0.15933124499997575 384000000
5000 1.8511086240000623 2400000000
