2 0.007140531000004557 384
5 7.818199992470909e-05 2400
10 3.2554000199525035e-05 9600
12 2.629599998726917e-05 13824
15 2.5208999886672245e-05 21600
20 6.071600000723265e-05 38400
30 4.815300007976475e-05 86400
40 0.00020725600006699096 153600
45 0.000193074999970122 194400
50 0.0001985530000183644 240000
55 0.00020444699998733995 290400
60 0.00023577000001751003 345600
75 0.00018425100006425055 540000
100 0.0002469430000928696 960000
125 0.0004174709999915649 1500000
160 0.000761204000127691 2457600
200 0.0008846600001106708 3840000
250 0.0009568299999500596 6000000
350 0.0021346300000004703 11760000
500 0.0038332350000018778 24000000
600 0.00919184199983647 34560000
800 0.011622923000004448 61440000
1000 0.03133617999992566 96000000
2000 0.14325538200000665 384000000
5000 1.6327506569998604 2400000000
