2 0.006914861000041128 384
5 7.926800003588141e-05 2400
10 3.1398999908560654e-05 9600
12 2.5731000050654984e-05 13824
15 2.5151000045298133e-05 21600
20 5.994200000714045e-05 38400
30 4.777799995281384e-05 86400
40 0.00015477500005545153 153600
45 9.562000013829675e-05 194400
50 9.800700013329333e-05 240000
55 0.00010995200000252225 290400
60 0.00012800099989362934 345600
75 0.0001718880000680656 540000
100 0.00023764399998071895 960000
125 0.0003926330000467715 1500000
160 0.0007401699999718403 2457600
200 0.0006064529998184298 3840000
250 0.0015719670000180486 6000000
350 0.0022410290000607347 11760000
500 0.004227691000096456 24000000
600 0.008015405000151077 34560000
800 0.015075260000003254 61440000
1000 0.02936145800003942 96000000
2000 0.1332533350000631 384000000
5000 1.6367549589999726 2400000000
