2 0.048171779999989894 96
5 3.159499999583204e-05 600
10 1.285600001210696e-05 2400
12 1.201399999217756e-05 3456
15 1.4416999988497992e-05 5400
20 1.0448000011820113e-05 9600
30 9.946000005811584e-06 21600
40 1.8081999996866216e-05 38400
45 1.1575999991464414e-05 48600
50 1.1720000003379027e-05 60000
55 1.2409000021307293e-05 72600
60 1.3439000014159319e-05 86400
75 4.650100001413193e-05 135000
100 0.0001684140000008938 240000
125 0.0002647720000084064 375000
160 0.0005249830000195743 614400
200 0.0009374070000092161 960000
250 0.002226607000011427 1500000
350 0.0013512889999844901 2940000
500 0.004912224999998216 6000000
600 0.007265850000010232 8640000
800 0.016589514999992616 15360000
1000 0.03364440600000762 24000000
2000 0.2017832070000054 96000000
5000 3.164004023000018 600000000
10000 34.38951769900001 2400000000
