2 0.04356996200000651 96
5 3.541000000950589e-05 600
10 1.1540000002696615e-05 2400
12 9.163000001422006e-06 3456
15 8.684999997399245e-06 5400
20 7.857999989369091e-06 9600
30 1.3610000010544354e-05 21600
40 2.2814999994125174e-05 38400
45 1.4751999998452447e-05 48600
50 1.928500000758504e-05 60000
55 1.8183999998200306e-05 72600
60 3.4466000002453256e-05 86400
75 4.743099999870992e-05 135000
100 0.00016726799999844388 240000
125 0.00026590599999565256 375000
160 0.0005343270000111033 614400
200 0.0006433969999903866 960000
250 0.002428081999994447 1500000
350 0.0013330190000004905 2940000
500 0.004195246999998403 6000000
600 0.006155871000004254 8640000
800 0.01489915400000541 15360000
1000 0.02659065899999291 24000000
2000 0.18299079899999526 96000000
5000 2.6982926090000063 600000000
10000 22.931126374 2400000000
