2 0.0004741399999996787 96
5 2.1757000000732774e-05 600
10 1.2365999999985888e-05 2400
12 1.0552000000885187e-05 3456
15 5.845000000448408e-06 5400
20 8.892000000315647e-06 9600
30 1.9927000000308226e-05 21600
40 0.0011924800000002733 38400
45 4.329999999974632e-05 48600
50 1.8609999999696925e-05 60000
55 1.794199999949342e-05 72600
60 1.846900000046503e-05 86400
75 4.727700000017876e-05 135000
100 8.720499999981257e-05 240000
125 9.872200000060616e-05 375000
160 0.0005256199999994493 614400
200 0.0011471900000010748 960000
250 0.0024297479999990657 1500000
350 0.0016721040000007292 2940000
500 0.004156914999999373 6000000
600 0.006024982999999651 8640000
800 0.013593065000000237 15360000
1000 0.02410715200000091 24000000
2000 0.17056256100000056 96000000
5000 2.5860079000000002 600000000
10000 26.980400599000003 2400000000
