2 0.04253899400004002 96
5 2.877999997963343e-05 600
10 7.410999955936859e-06 2400
12 5.593999958364293e-06 3456
15 5.352000016500824e-06 5400
20 5.412000007254392e-06 9600
30 9.138999985225382e-06 21600
40 1.797599998099031e-05 38400
45 1.098699999602104e-05 48600
50 1.1137000001326669e-05 60000
55 1.1707999988175288e-05 72600
60 1.2964999996256665e-05 86400
75 4.6361999977762025e-05 135000
100 0.00016042400000060297 240000
125 0.00024558799998430914 375000
160 0.0003789870000332485 614400
200 0.0006200759999615002 960000
250 0.001807420000034199 1500000
350 0.0012864760000184106 2940000
500 0.0037865719999672365 6000000
600 0.005866592000018045 8640000
800 0.013196983999989698 15360000
1000 0.024483001999954013 24000000
2000 0.17423479400002861 96000000
5000 2.680003071999977 600000000
10000 21.944056542 2400000000
