2 0.039627187999997204 96
5 2.9795000003218775e-05 600
10 7.84699999201166e-06 2400
12 6.636999998477222e-06 3456
15 5.684000001338063e-06 5400
20 5.5229999986750045e-06 9600
30 8.99200000503697e-06 21600
40 2.1365999998579355e-05 38400
45 1.1064999995369362e-05 48600
50 1.1456999999381878e-05 60000
55 1.2356999988583084e-05 72600
60 1.3007000006837188e-05 86400
75 4.377399999100362e-05 135000
100 0.0001564070000057427 240000
125 0.0002480929999961745 375000
160 0.0003807780000073535 614400
200 0.0007523740000010548 960000
250 0.0018315100000023676 1500000
350 0.0012244779999974753 2940000
500 0.004000623999999675 6000000
600 0.005729023000000666 8640000
800 0.012822109999987674 15360000
1000 0.023619752999991306 24000000
2000 0.17717788299999881 96000000
5000 2.9225267270000046 600000000
10000 23.723512380000003 2400000000
