2 0.038676432999977806 96
5 2.987400000620255e-05 600
10 1.3231000025371031e-05 2400
12 1.4091000025473477e-05 3456
15 7.403000040540064e-06 5400
20 6.214999984877068e-06 9600
30 9.200000022246968e-06 21600
40 1.8758000010166143e-05 38400
45 1.1357999994743295e-05 48600
50 1.22429999578344e-05 60000
55 2.4465000024065375e-05 72600
60 1.3787999989745003e-05 86400
75 4.629000000022643e-05 135000
100 0.00020123699999885503 240000
125 0.00034177099996668403 375000
160 0.0005566870000279778 614400
200 0.0007860200000209261 960000
250 0.0019613720000393187 1500000
350 0.0012848689999600538 2940000
500 0.003819140000018706 6000000
600 0.006021941000028619 8640000
800 0.013244802000031086 15360000
1000 0.02739777099998264 24000000
2000 0.19491833000000724 96000000
5000 2.7865124230000333 600000000
10000 22.013575863000028 2400000000
