2 0.04451635099999862 96
5 2.7334999998629428e-05 600
10 1.4300999993110963e-05 2400
12 2.0484999993186648e-05 3456
15 1.335899997911838e-05 5400
20 7.999000018799052e-06 9600
30 1.1905999997452454e-05 21600
40 2.174700000523444e-05 38400
45 2.0878000015045473e-05 48600
50 1.561700000252131e-05 60000
55 1.904500001614906e-05 72600
60 1.4688000021578773e-05 86400
75 4.7534999993104066e-05 135000
100 0.0001760109999793258 240000
125 0.00027773799999408766 375000
160 0.00040411600002698833 614400
200 0.0009712310000224988 960000
250 0.0021991910000167536 1500000
350 0.001503866999996717 2940000
500 0.005982789999990246 6000000
600 0.01472914799998648 8640000
800 0.01462560800001711 15360000
1000 0.031065659999995887 24000000
2000 0.20372401000000195 96000000
5000 2.9907612000000086 600000000
10000 25.150192486999998 2400000000
