2 0.06458912199999389 96
5 3.923300000252539e-05 600
10 1.5630999996574246e-05 2400
12 8.746999995423721e-06 3456
15 1.650400000130503e-05 5400
20 9.376000001282137e-06 9600
30 1.468399999993153e-05 21600
40 2.5615999994954564e-05 38400
45 2.5204000003498095e-05 48600
50 1.6837000003988578e-05 60000
55 3.953000000223028e-05 72600
60 3.506400000219401e-05 86400
75 5.086000000176227e-05 135000
100 0.0003520180000009532 240000
125 0.0007238649999976587 375000
160 0.0007416259999999397 614400
200 0.0007971360000027516 960000
250 0.0011090190000047073 1500000
350 0.0015634950000062986 2940000
500 0.004184874000003447 6000000
600 0.0080374429999992 8640000
800 0.016745808000003137 15360000
1000 0.0296736089999996 24000000
2000 0.2157325229999998 96000000
5000 2.8538585350000005 600000000
10000 23.717578408 2400000000
