2 0.0423010940000097 96
5 2.7444000011200842e-05 600
10 6.495999997468971e-06 2400
12 4.955000008521893e-06 3456
15 5.190999985416056e-06 5400
20 5.063999992671597e-06 9600
30 8.280000002969246e-06 21600
40 1.9870000016908307e-05 38400
45 1.03039999999055e-05 48600
50 1.081700000327146e-05 60000
55 1.1444999984178139e-05 72600
60 2.4480000007542912e-05 86400
75 4.14999999804877e-05 135000
100 0.00017707500001051812 240000
125 0.0002922390000037467 375000
160 0.000464305999997805 614400
200 0.000847748000012416 960000
250 0.001927758999983098 1500000
350 0.0013241590000063752 2940000
500 0.0037558100000012473 6000000
600 0.0057663540000021385 8640000
800 0.01343542300000422 15360000
1000 0.02317184500000735 24000000
2000 0.17080438599998615 96000000
5000 2.9125589239999954 600000000
10000 26.66840062099999 2400000000
