2 0.040047522999998364 96
5 2.932600000349339e-05 600
10 7.686000003559457e-06 2400
12 5.568999995375634e-06 3456
15 5.065999999942505e-06 5400
20 5.108000010523028e-06 9600
30 9.257000016305028e-06 21600
40 2.2803999996767743e-05 38400
45 1.207099998623562e-05 48600
50 1.1833999991495148e-05 60000
55 1.2371999986271476e-05 72600
60 1.4778999997133724e-05 86400
75 4.781300000900046e-05 135000
100 0.00019035299999359268 240000
125 0.0002714629999900353 375000
160 0.00040729799999894567 614400
200 0.0006369150000011814 960000
250 0.002431935999993584 1500000
350 0.0013417269999820292 2940000
500 0.004166231999988668 6000000
600 0.006315766999989592 8640000
800 0.014295699000001605 15360000
1000 0.02568612100000678 24000000
2000 0.18909986500000286 96000000
5000 3.076432338000018 600000000
10000 22.292773885999992 2400000000
