2 1.4937000003101275e-05 96
5 0.00014922599999067643 600
10 0.0011386369999968338 2400
12 0.0019573120000018207 3456
15 0.0038057699999853867 5400
20 0.010113479000011694 9600
30 0.036950933000014174 21600
40 0.07392558600000143 38400
45 0.10847426999998788 48600
50 0.1448019219999992 60000
55 0.1920316409999998 72600
60 0.24611126600001398 86400
75 0.47527834200002417 135000
100 1.0958558770000195 240000
125 2.2207380369999896 375000
160 4.44821797900002 614400
200 8.889783929000004 960000
250 17.588050982 1500000
350 49.13887610200001 2940000
