2 2.221699992333015e-05 96
5 0.00017363300003125914 600
10 0.0013806090000798577 2400
12 0.0024736369999800445 3456
15 0.0040601089999654505 5400
20 0.010412538999958088 9600
30 0.035449243000016395 21600
40 0.09700096599999597 38400
45 0.1073796669999183 48600
50 0.14949612200007323 60000
55 0.18769193399998585 72600
60 0.2426701699999967 86400
75 0.48552585300001283 135000
100 1.2452464110000392 240000
125 2.270167851999986 375000
160 4.586291130999939 614400
200 8.847621447999927 960000
250 17.57952868899997 1500000
350 49.320984678999935 2940000
