2 1.456600000437902e-05 96
5 0.0001458340000226599 600
10 0.0011383389999650717 2400
12 0.0019954949999601013 3456
15 0.003931521000026805 5400
20 0.009899682000025223 9600
30 0.03459576100004824 21600
40 0.07863477699999066 38400
45 0.10451932899997018 48600
50 0.14215873299997384 60000
55 0.18951575199997706 72600
60 0.2966532890000053 86400
75 0.5042260299999839 135000
100 1.2558579429999668 240000
125 2.1976720019999902 375000
160 4.581465815000001 614400
200 9.296821840000007 960000
250 19.063788957999975 1500000
350 49.816249443000004 2940000
