2 1.5161999954216299e-05 96
5 0.00014975999999933265 600
10 0.00117468700000245 2400
12 0.0019562429999950837 3456
15 0.004143688999988626 5400
20 0.012628303000042251 9600
30 0.034865149999973255 21600
40 0.08897074000003613 38400
45 0.10612655200009158 48600
50 0.14020890000006148 60000
55 0.18416207799998574 72600
60 0.2364013100000193 86400
75 0.4633014149999326 135000
100 1.1147236049999947 240000
125 2.168993091999937 375000
160 4.447425571000053 614400
200 9.004875288999983 960000
250 17.049872032000053 1500000
350 48.075913287999924 2940000
