2 1.658499991208373e-05 96
5 0.000148628999909306 600
10 0.0011375459999953819 2400
12 0.0019750879999946847 3456
15 0.0038227050000614327 5400
20 0.009828824999999597 9600
30 0.03538782599991919 21600
40 0.07955473200001961 38400
45 0.10455095100007838 48600
50 0.14268382500006282 60000
55 0.18840088799993282 72600
60 0.24216850400000567 86400
75 0.4750746390000131 135000
100 1.110959534000017 240000
125 2.1831353249999665 375000
160 4.605057203999991 614400
200 8.998975545000008 960000
250 17.451149493000003 1500000
350 48.73561535800002 2940000
