2 1.6108999943753588e-05 96
5 0.00022639500002696877 600
10 0.0013444349999645056 2400
12 0.0020276300000432457 3456
15 0.0037177940000674425 5400
20 0.009453695000047446 9600
30 0.030963669000016125 21600
40 0.08159827600002245 38400
45 0.10608954400004222 48600
50 0.14567936200000986 60000
55 0.1926314329999741 72600
60 0.2547805240000116 86400
75 0.49882249299992054 135000
100 1.1598328869999932 240000
125 2.2325065529998938 375000
160 4.904280582999945 614400
200 9.081760614000018 960000
250 18.237941326000055 1500000
350 48.92810719399995 2940000
