2 1.470200004405342e-05 96
5 0.0001462950000359342 600
10 0.0011138969999819892 2400
12 0.001913001000048098 3456
15 0.0037998770000058357 5400
20 0.00908120499997267 9600
30 0.029851403999998638 21600
40 0.07793593499997087 38400
45 0.10448508900003617 48600
50 0.13998280499998828 60000
55 0.18349194099999977 72600
60 0.23621307399997704 86400
75 0.47279331300001104 135000
100 1.1091947209999944 240000
125 2.1584678529999906 375000
160 4.717255498000043 614400
200 9.16923964900002 960000
250 17.455473850999965 1500000
350 48.631502950000026 2940000
