2 1.5002999987245857e-05 96
5 0.00014876300002697462 600
10 0.001140419999956066 2400
12 0.0019572709999806648 3456
15 0.003934055999991415 5400
20 0.009854016000019783 9600
30 0.041699527999981 21600
40 0.08444715899997846 38400
45 0.10331935900001099 48600
50 0.1453376369999546 60000
55 0.1930402319999871 72600
60 0.2405146920000334 86400
75 0.5041454249999902 135000
100 1.189935615999957 240000
125 2.207928320999997 375000
160 4.591945731999999 614400
200 8.947756809999987 960000
250 17.42100039500002 1500000
350 48.562634326999955 2940000
