2 2.7916000000072216e-05 96
5 0.00022089099999966777 600
10 0.0015402429999999967 2400
12 0.002211820999999947 3456
15 0.004525320000000388 5400
20 0.009662989000000177 9600
30 0.030783104000000172 21600
40 0.07168380699999988 38400
45 0.10946155599999985 48600
50 0.14912933399999995 60000
55 0.18610971799999998 72600
60 0.23995668400000003 86400
75 0.46532920899999963 135000
100 1.1152124299999997 240000
125 2.177500296 375000
160 4.557911575 614400
200 8.930080549999998 960000
250 17.450245268 1500000
350 48.649665461 2940000
