2 2.377699999556171e-05 96
5 0.00017439700000920766 600
10 0.0013246339999994916 2400
12 0.002274665000001619 3456
15 0.004196671999991963 5400
20 0.009139199000003373 9600
30 0.02953322800000535 21600
40 0.07182563000000641 38400
45 0.10073019600000066 48600
50 0.13582426399999292 60000
55 0.179043802999999 72600
60 0.24170471800000826 86400
75 0.47510014199998807 135000
100 1.085938303000006 240000
125 2.157248557999992 375000
160 4.536516629999994 614400
200 8.790022883000006 960000
250 17.547207501000003 1500000
350 51.744290900999985 2940000
