2 3.3739399998466976e-05
5 1.1039299999993091e-05
10 2.3167500000909057e-05
12 1.599179998947875e-05
15 1.8674500006454763e-05
20 2.0272400001886125e-05
30 3.401020002229416e-05
40 5.000069998004619e-05
45 5.712730001050659e-05
50 0.00010304459997314552
55 7.177280000405517e-05
60 6.824910000204908e-05
75 9.529269999575263e-05
100 0.00015912169998273385
125 0.0003711502000328437
160 0.00033364459999347674
200 0.0005817348000164202
250 0.0009422420999953829
350 0.0024071359999993545
500 0.006891865400007191
600 0.010271123500001523
800 0.02786216089997424
1000 0.04019999790000384
2000 0.3037931814000103
5000 3.9229679419000147
10000 30.66029430970001
