2 2.35356999837677e-05
5 8.777600010034803e-06
10 1.6524399995887507e-05
12 1.0904400028266537e-05
15 1.1385499999505554e-05
20 1.5130499991755642e-05
30 2.1005500013870914e-05
40 2.6895900020917907e-05
45 3.0339599982198705e-05
50 5.819060000931131e-05
55 3.944939998064001e-05
60 3.8036699982058054e-05
75 5.392329999267531e-05
100 8.242600000585298e-05
125 0.00017830110001568756
160 0.00016380509999862624
200 0.00022058969998397515
250 0.00042858379998733653
350 0.0009759344999793029
500 0.002499780200025725
600 0.0032482684999877165
800 0.008677202699982445
1000 0.012576912499980608
2000 0.09253981609999755
5000 1.0802398916000242
10000 7.944666976099972
