2 3.234799999063398e-05 5.2640999996356186e-05
5 2.123000000153752e-05 2.5769999993485726e-05
10 2.8857999993192607e-05 0.0004813710000064475
15 4.3824000002246066e-05 0.0003458249999965801
20 5.5194999987406845e-05 4.0268000006449256e-05
30 9.79419999964648e-05 6.523099999355964e-05
45 0.0002693499999963933 0.000524986000002059
50 0.00032730299999172985 0.00015082800000243424
60 0.00043637199999579934 0.00015297800000269035
75 0.0004668100000060349 0.000218828000001281
125 0.0017852180000090812 0.0005589329999935444
160 0.0019391060000089055 0.002836762999990583
200 0.0039739930000024515 0.0011976750000002312
250 0.0046438640000019404 0.001452778000000876
350 0.013222678999994741 0.004659467000010409
500 0.022362084000008053 0.00872649800000147
600 0.03467405899999676 0.014781667999997694
800 0.06163121400000193 0.030466610000004835
1000 0.0956083920000026 0.04890700100000345
2000 0.3962956340000119 0.3108733569999913
5000 2.637840487999995 3.9315537140000174
8000 6.699671123999991 16.454321479000015
16000 27.667171369000016 130.56561438100005
