2 0.0002832659999967291 0.0011245909999928472
5 0.00025011399999641526 0.0017156500000083952
10 0.00032545999999911146 0.003404350000010936
15 0.00047239699999579443 0.003939841999994087
20 0.0004289600000078053 0.004972305999999094
30 0.0005790290000078357 0.007190475000001584
45 0.0012480949999940094 0.011365957999998955
50 0.0012588579999999183 0.014795208000009552
60 0.0015182000000066864 0.016405910000003132
75 0.0015452570000036303 0.02030271799999639
125 0.00508926300000212 0.04090714999999534
160 0.004825212000000079 0.04830181299999481
200 0.006046732000001498 0.058372741999988875
250 0.01023196800001358 0.05592068899998992
350 0.021958031000011147 0.09353722699999878
500 0.03213665100000185 0.11497845200000256
600 0.047806283000014105 0.18988032299999702
800 0.08159447299999556 0.19678476400000022
1000 0.1328194990000071 0.2604276409999926
2000 0.49658664900000815 0.6701661219999977
5000 3.0735797640000158 3.137528763000006
8000 7.847378414000019 9.63590559399998
16000 31.713777574999995 69.61641317099998
