2 0.00010386499999981424 0.0004629179999966482
5 4.2234000005691996e-05 2.042599999185768e-05
10 6.519199999388547e-05 2.1361999998248393e-05
15 9.721499999670868e-05 1.6252000008876166e-05
20 0.00012540100000535404 2.1650999997291365e-05
30 0.00020947400000181915 0.00023152500000378495
45 0.0005350229999976364 0.000924653000012654
50 0.0006255509999988362 0.0002151759999975411
60 0.0006300010000046541 0.0001856319999973266
75 0.0010865189999975655 6.579100001147253e-05
125 0.004337625000005119 0.0004575229999943531
160 0.006963932999994427 0.0003788500000041495
200 0.009025616999991826 0.000460876000005328
250 0.010040284000012889 0.0009352889999973968
350 0.02142233400000748 0.0014187209999931838
500 0.05043065200000285 0.004989733000002161
600 0.06847770699999955 0.006269362000011824
800 0.16200707799998781 0.014497536000007472
1000 0.20046873500000117 0.025340229000008208
2000 0.7988554819999933 0.17537978800000076
5000 5.118785038999988 2.6171355190000014
8000 13.393082749000001 11.542624346000025
16000 56.694160606000025 100.72180491799998
