2 0.0009955490000095324 0.0002291499999955704
5 0.0008062969999969027 0.0001183920000045191
10 0.0006510000000048421 0.0001186199999949622
15 0.0009769549999987248 0.0004283580000077336
20 0.0008979469999985668 0.00012268999999776042
30 0.0014417769999965913 0.00014199800000369578
45 0.0025356299999970133 0.00016067100000327628
50 0.003420167000001584 0.00013307199999701425
60 0.0036184169999984306 0.00020148999999491934
75 0.004108643999998662 0.00013567599999930735
125 0.009689569000002507 0.00022910699999556527
160 0.01278591500000914 0.00019075299999826711
200 0.017835094000005824 0.0001384369999897217
250 0.016489606000007484 0.00013842699999599972
350 0.03527793199999962 0.00019394999999633455
500 0.0689019189999982 0.0001574619999900051
600 0.0947639310000028 0.0006624370000025692
800 0.16501392199999998 0.00017212199999505629
1000 0.2553529970000028 0.00022068100000183222
2000 0.9883199029999901 0.0002431460000025254
5000 6.166915912999997 0.00047043900001142447
8000 16.290483084000016 0.0015893609999864111
16000 64.22880183199999 0.0016010289999712768
