2 0.0003474810000057005 0.0006851570000065976
5 0.00028663899999514797 9.058900000979975e-05
10 0.0003409859999976561 9.681100000591414e-05
15 0.00042798500000174045 0.00013548600000490296
20 0.00045527799998978935 0.00010481099999992693
30 0.0007897129999889785 0.00011843100000419327
45 0.0011549399999921661 0.00022583700000211593
50 0.0017107710000061616 0.00020063899999911428
60 0.002241857000001346 0.0001972330000086231
75 0.002019625000002634 0.000162416999998527
125 0.004327953000000662 0.0002171959999941464
160 0.004034259999997403 0.00019163500000729528
200 0.008601354999996147 0.00025324199999943175
250 0.008191359999997871 0.00017828699999711262
350 0.022325651999992147 0.0005029809999967938
500 0.035210074999994845 0.00025850500000501597
600 0.04726750899999388 0.0003056530000122848
800 0.0815488429999931 0.0003691730000099369
1000 0.12734262400000773 0.00043288199999835797
2000 0.4951608549999946 0.0023982729999971752
5000 3.0698792860000026 0.002697858999994196
8000 7.8484448529999895 0.008012707999995428
16000 32.41259275599998 0.009773451999990357
