2 2.8157000002693167e-05 0.0014664139999922554
5 3.272099999662714e-05 0.0002354639999992969
10 3.1961000004798734e-05 0.00043207699999925353
15 8.364200000698929e-05 0.0003003380000023981
20 6.516099999487324e-05 0.0006261440000088214
30 0.00010933700001203306 0.0005960629999890443
45 0.0002704810000011548 0.00043748299999890605
50 0.00024067100000024766 0.0002158540000039011
60 0.0004917780000113225 0.00029825800000082836
75 0.0004805079999954387 0.00018768200000351953
125 0.0018385189999889917 0.0006773130000112815
160 0.002069062000003896 0.002892243999994548
200 0.004664027000004012 0.0006447290000011208
250 0.004691924999988828 0.0006478439999995089
350 0.014387704999990092 0.0025982610000028217
500 0.02352384300000665 0.003301946999997085
600 0.033313007000003836 0.005426895999988801
800 0.060687338999997564 0.010857806000004189
1000 0.094215829999996 0.021006532000001243
2000 0.39778218500001117 0.13578686500000003
5000 2.5612123780000076 1.6853538350000008
8000 6.863780410000004 6.162139117999999
16000 27.719840519 45.12957366599994
