2 1.815359996726329e-05
5 1.5177599971138989e-05
10 2.5766600037968602e-05
12 2.5782400007301477e-05
15 2.1166400028960197e-05
20 2.8015399993819302e-05
30 3.862199996547133e-05
40 7.453540001733927e-05
45 6.861120000394294e-05
50 0.00011217979999855743
55 0.00010043359998235246
60 9.430200002498168e-05
75 0.0001004807999379409
100 0.00017345440001008682
125 0.00019533020004018907
160 0.0006314718000339781
200 0.00040747479997662597
250 0.0006746051999925839
350 0.0018166209999435523
500 0.0037416816000131804
600 0.0040945830000509885
800 0.009864877800009709
1000 0.017280995200098914
2000 0.1108460083999944
5000 1.415860110999938
10000 10.711079817600057
