2 0.0002843492000010883
5 5.930879999738181e-05
10 3.351639999920053e-05
12 3.717359999910741e-05
15 3.496600000261196e-05
20 0.00015363319999721624
30 6.681159999999409e-05
40 0.00010043499999881078
45 8.104679999973997e-05
50 8.41153999999733e-05
55 7.769979999920907e-05
60 8.652159999940068e-05
75 0.0001370472000004952
100 0.000203003600000784
125 0.00021759619999954792
160 0.0005095594000010806
200 0.0006046167999997464
250 0.0008105682000007164
350 0.00143186320000126
500 0.002899704999998676
600 0.0041211448000012755
800 0.007869170200000043
1000 0.01850415199999844
2000 0.09686990999999807
5000 1.1291091042000005
10000 6.572786626399989
