2 1.9150799998612912e-05
5 2.118780000159859e-05
10 1.5611199999909785e-05
12 1.6535199999623274e-05
15 1.5696199997705663e-05
20 2.469859999791879e-05
30 3.969859999841674e-05
40 6.632600000102684e-05
45 4.6282599998903604e-05
50 4.9519199997405394e-05
55 6.08677999991869e-05
60 6.188399999871308e-05
75 9.169660000054591e-05
100 0.0001612633999997115
125 0.00013968080000097415
160 0.00022550860000052352
200 0.0004271377999998549
250 0.0007359973999996328
350 0.0013085528000004842
500 0.0036401462000000607
600 0.003970032200000162
800 0.007678145000001279
1000 0.01755181640000103
2000 0.1003930478000001
5000 1.0829201747999975
10000 8.306053288799996
