2 4.469400000033375e-05
5 5.472160000152826e-05
10 2.921439999852282e-05
12 3.0220400000757762e-05
15 3.0361800000378025e-05
20 7.373360000144658e-05
30 5.2689999998278834e-05
40 6.740300000132037e-05
45 7.268239999973503e-05
50 7.512420000068686e-05
55 6.881099999844764e-05
60 8.077479999997194e-05
75 0.0001154845999991494
100 0.0001780224000000885
125 0.0001730949999995346
160 0.0003258003999988546
200 0.0007910360000010997
250 0.0008958847999991804
350 0.001222815399998467
500 0.0029925729999987992
600 0.004107050600001117
800 0.007230050399999755
1000 0.017406097399999966
2000 0.10191864359999983
5000 1.0786614508000028
10000 6.503845663399988
