2 0.00010878399999967315
5 2.97374000012951e-05
10 0.00014600020000159474
12 3.1131200000800166e-05
15 8.340239999853339e-05
20 0.00013269339999908425
30 0.0001307616000005396
40 0.00036292979999785757
45 0.00010431460000006609
50 0.00010110639999822979
55 0.00011297599999835484
60 0.0001295087999992006
75 0.0002069874000014238
100 0.00036401119999993623
125 0.00041655040000136977
160 0.0013168685999985995
200 0.0011963683999994146
250 0.001845612199998925
350 0.0036986315999996576
500 0.009719278599999371
600 0.013427351199997873
800 0.024768605600000625
1000 0.05680007579999966
2000 0.3484662318000005
5000 3.933514121400002
10000 32.276684421800006
