2 0.002013556199996458
5 9.597219999903927e-05
10 8.029939999971702e-05
12 0.00012576140000106762
15 7.261300000038773e-05
20 0.00014423779999930275
30 8.734579999867265e-05
40 9.768039999897837e-05
45 9.560579999998709e-05
50 9.702339999932974e-05
55 0.00012995059999951764
60 0.0001221663999999123
75 0.00018153200000057269
100 0.00026009580000021517
125 0.0002501146000000176
160 0.0004235139999991588
200 0.004186424199997418
250 0.0010967104000002338
350 0.0017026236000006634
500 0.004882115999998859
600 0.005409951200000762
800 0.009980407800000535
1000 0.025982538799999587
2000 0.14710608360000207
5000 1.5613778048
10000 10.829535682200003
