2 6.514140000035695e-05
5 5.5249000024559794e-05
10 9.630859995013452e-05
12 9.141520004050108e-05
15 8.482600001116224e-05
20 7.841140004529734e-05
30 0.000161604599952625
40 0.00014293940002971795
45 0.00012262439995538443
50 0.000152498600027684
55 0.0001915923999149527
60 0.00014324419998956728
75 0.0001947093999660865
100 0.0007009957998889149
125 0.0004673704000651924
160 0.0006306614000095578
200 0.0007004300000062358
250 0.0014647550000063347
350 0.00242122659992674
500 0.006030139800031975
600 0.006117722999988473
800 0.014618717799976366
1000 0.026331340599972462
2000 0.15994858319995728
5000 1.7006817707999744
10000 10.586248815999898
